2020-01-24 11:19:23.992827  2400,80,3009,0,55986,21760,12646,100,15875,1
2020-01-24 11:19:25.501324  2400,80,3009,0,55986,21760,12646,100,15875,1
2020-01-24 11:19:27.011357  2400,80,3009,0,55986,21760,12646,100,15875,1
2020-01-24 11:19:28.520611  2400,80,3009,0,55986,21760,12646,100,15875,1
2020-01-24 11:19:30.033902  2400,80,3009,0,55986,21760,12646,100,15875,1
2020-01-24 11:19:31.544061  2400,80,3009,0,55986,21760,12646,100,15875,1
2020-01-24 11:19:33.057166  2400,80,3009,0,55986,21760,12646,100,15875,1
2020-01-24 11:19:34.572059  2400,80,3009,0,55986,21760,12646,100,15875,1
2020-01-24 11:19:36.082081  2400,80,3009,0,55986,21760,12646,100,15875,1
2020-01-24 11:19:37.596326  2400,80,3009,0,55986,21760,12646,100,15875,1
