2020-01-24 11:19:23.993186  2401,80,3009,0,55986,21760,12646,100,15875,1
2020-01-24 11:19:25.501774  2401,80,3009,0,55986,21760,12646,100,15875,1
2020-01-24 11:19:27.011723  2401,80,3009,0,55986,21760,12646,100,15875,1
2020-01-24 11:19:28.521018  2401,80,3009,0,55986,21760,12646,100,15875,1
2020-01-24 11:19:30.034277  2401,80,3009,0,55986,21760,12646,100,15875,1
2020-01-24 11:19:31.544805  2401,80,3009,0,55986,21760,12646,100,15875,1
2020-01-24 11:19:33.057942  2401,80,3009,0,55986,21760,12646,100,15875,1
2020-01-24 11:19:34.572523  2401,80,3009,0,55986,21760,12646,100,15875,1
2020-01-24 11:19:36.082802  2401,80,3009,0,55986,21760,12646,100,15875,1
2020-01-24 11:19:37.597112  2401,80,3009,0,55986,21760,12646,100,15875,1
