2020-01-24 11:19:23.993443 2402,80,3009,0,55986,21760,12646,100,15875,1
2020-01-24 11:19:25.502199 2402,80,3009,0,55986,21760,12646,100,15875,1
2020-01-24 11:19:27.012116 2402,80,3009,0,55986,21760,12646,100,15875,1
2020-01-24 11:19:28.521418 2402,80,3009,0,55986,21760,12646,100,15875,1
2020-01-24 11:19:30.034709 2402,80,3009,0,55986,21760,12646,100,15875,1
2020-01-24 11:19:31.545503 2402,80,3009,0,55986,21760,12646,100,15875,1
2020-01-24 11:19:33.058855 2402,80,3009,0,55986,21760,12646,100,15875,1
2020-01-24 11:19:34.572952 2402,80,3009,0,55986,21760,12646,100,15875,1
2020-01-24 11:19:36.083527 2402,80,3009,0,55986,21760,12646,100,15875,1
2020-01-24 11:19:37.597837 2402,80,3009,0,55986,21760,12646,100,15875,1
