2020-01-24 11:19:23.993702 2403,80,3009,0,55986,21760,12646,100,15875,1
2020-01-24 11:19:25.502617 2403,80,3009,0,55986,21760,12646,100,15875,1
2020-01-24 11:19:27.012502 2403,80,3009,0,55986,21760,12646,100,15875,1
2020-01-24 11:19:28.521813 2403,80,3009,0,55986,21760,12646,100,15875,1
2020-01-24 11:19:30.035124 2403,80,3009,0,55986,21760,12646,100,15875,1
2020-01-24 11:19:31.546199 2403,80,3009,0,55986,21760,12646,100,15875,1
2020-01-24 11:19:33.059664 2403,80,3009,0,55986,21760,12646,100,15875,1
2020-01-24 11:19:34.573358 2403,80,3009,0,55986,21760,12646,100,15875,1
2020-01-24 11:19:36.084207 2403,80,3009,0,55986,21760,12646,100,15875,1
2020-01-24 11:19:37.599006 2403,80,3009,0,55986,21760,12646,100,15875,1
