2020-01-24 11:19:23.993896 2404,80,3009,0,55986,21760,12646,100,15875,1
2020-01-24 11:19:25.503069 2404,80,3009,0,55986,21760,12646,100,15875,1
2020-01-24 11:19:27.012874 2404,80,3009,0,55986,21760,12646,100,15875,1
2020-01-24 11:19:28.522182 2404,80,3009,0,55986,21760,12646,100,15875,1
2020-01-24 11:19:30.035554 2404,80,3009,0,55986,21760,12646,100,15875,1
2020-01-24 11:19:31.546894 2404,80,3009,0,55986,21760,12646,100,15875,1
2020-01-24 11:19:33.060440 2404,80,3009,0,55986,21760,12646,100,15875,1
2020-01-24 11:19:34.573784 2404,80,3009,0,55986,21760,12646,100,15875,1
2020-01-24 11:19:36.084873 2404,80,3009,0,55986,21760,12646,100,15875,1
2020-01-24 11:19:37.599845 2404,80,3009,0,55986,21760,12646,100,15875,1
