2020-01-24 11:19:23.994128 2405,80,3009,0,55986,21760,12646,100,15875,1
2020-01-24 11:19:25.503517 2405,80,3009,0,55986,21760,12646,100,15875,1
2020-01-24 11:19:27.013223 2405,80,3009,0,55986,21760,12646,100,15875,1
2020-01-24 11:19:28.522530 2405,80,3009,0,55986,21760,12646,100,15875,1
2020-01-24 11:19:30.035942 2405,80,3009,0,55986,21760,12646,100,15875,1
2020-01-24 11:19:31.547581 2405,80,3009,0,55986,21760,12646,100,15875,1
2020-01-24 11:19:33.061232 2405,80,3009,0,55986,21760,12646,100,15875,1
2020-01-24 11:19:34.574216 2405,80,3009,0,55986,21760,12646,100,15875,1
2020-01-24 11:19:36.085560 2405,80,3009,0,55986,21760,12646,100,15875,1
2020-01-24 11:19:37.600627 2405,80,3009,0,55986,21760,12646,100,15875,1
